0 -17.7 7.6
69 -10.1 7.7
120 -1.4 7.6
146 -10.3 7.8
182 -4.1 5.9
266 -11.9 4.0
365 0.1 5.4
431 5.6 3.9
548 37.9 4.8
650 10.1 4.8
676 13.6 4.7
677 18.1 4.7
774 18.3 3.7
774 24.9 3.7
865 39.0 4.7
865 41.5 4.7
889 16.6 4.8
951 44.9 3.9
951 43.4 3.9
986 51.4 4.0
1029 46.3 5.1
1057 51.6 4.7
1077 62.0 4.6
1189 67.5 4.0
1189 76.2 4.0
1297 81.1 3.8
1352 77.8 3.8
1384 93.9 3.5
1394 116.9 4.6
1469 110.1 3.8
1494 121.1 3.8
1538 126.0 4.6
1578 137.2 3.8
1629 132.8 3.8
1671 150.1 3.8
1702 141.8 4.5
1751 164.6 4.5
1800 171.4 4.5
1830 181.7 4.5
1863 181.8 4.5
1947 187.9 4.5
2038 187.4 4.5
2087 193.7 4.5
2115 195.9 4.5
2160 198.4 4.5
2196 193.7 4.5
2228 194.9 4.5
2277 207.1 5.1
2312 201.9 4.5
2354 196.7 4.5
2395 198.3 9.5
2439 197.9 6.3
2484 182.8 5.0
2523 237.2 9.4
2561 227.3 9.4
2592 197.4 5.0
2634 207.3 7.5
2688 214.3 5.1
2718 189.4 9.5
2844 233.5 4.4
2886 250.4 5.9
2927 266.6 3.9
2956 265.5 3.9
2998 269.7 3.9
2998 266.4 3.8
3042 280.9 3.8
3042 284.3 3.9
3084 313.2 4.1
3125 331.1 4.1
3167 355.6 4.3
3210 405.2 3.8
3252 374.8 4.1
3292 429.5 3.8
3320 445.7 3.8
3364 472.5 4.0
3405 500.3 4.0
3447 498.3 3.9
3488 542.4 3.7
3531 567.4 4.0
3580 507.0 3.9
3614 621.9 3.9
3655 615.7 3.9
3684 689.4 7.5
3727 633.6 3.9
3767 634.1 3.9
3810 615.2 3.8
3852 694.5 3.9
3894 614.1 3.9
3936 634.2 4.0
3979 625.7 4.0
4027 634.4 3.9
4069 647.3 3.9
4101 646.5 3.9
4126 631.8 3.6
4174 622.1 3.8
4195 612.4 4.2
4221 612.2 4.4
4265 590.8 3.9
4286 625.2 3.8
4314 614.8 3.9
4343 614.9 4.2
4379 627.8 3.9
4408 616.4 3.9
4454 602.9 4.4
4497 609.0 3.8
4525 596.5 3.8
4560 580.0 6.3
4560 595.9 5.4
4599 571.3 3.8
4678 575.1 3.8
4713 586.0 5.2
4742 579.6 3.9
4777 583.0 3.9
4806 582.5 3.9
4835 572.8 3.6
4861 547.6 3.7
4916 560.5 3.9
4923 561.7 3.9
4951 550.4 3.9
4986 538.1 3.9
5007 535.5 3.8
5014 531.5 3.9
5042 532.8 3.9
5056 537.6 3.9
5071 541.9 3.9
5077 541.2 3.9
5105 539.6 3.9
5140 539.1 3.9
5168 537.7 3.8
5197 550.4 3.8
5233 545.4 3.8
5252 530.4 4.0
5259 539.6 3.9
5288 525.2 4.2
5322 526.3 3.9
5351 522.8 3.9
5378 544.9 3.8
5413 531.2 3.9
5437 523.0 3.9
5469 510.2 3.9
5504 510.2 3.9
5560 535.3 3.9
5595 520.4 3.9
5624 513.5 3.9
5652 516.2 3.9
5686 505.9 3.9
5714 497.4 3.5
5749 508.0 3.9
5778 498.6 3.9
5805 497.6 4.0
5852 495.6 3.9
5870 500.6 3.9
5896 494.7 3.7
5924 508.3 3.9
5959 501.0 3.9
5987 499.7 3.9
6022 499.0 3.9
6050 494.2 4.1
6080 483.3 4.0
6113 478.8 4.5
6143 492.5 3.9
6197 479.3 3.9
6234 484.5 3.6
6262 491.6 4.0
6302 474.8 7.4
6316 482.4 3.6
6336 468.1 3.6
6350 469.5 5.1
6387 470.1 5.1
6414 465.9 5.1
6470 450.3 5.1
6506 449.9 6.7
6568 447.3 4.7
6632 453.9 5.1
6659 442.8 3.3
6778 435.0 3.7
6814 427.1 3.3
6841 415.9 3.7
6870 426.0 3.3
6904 434.3 3.7
6932 417.2 3.2
6967 412.8 3.5
6988 405.1 3.3
7023 418.5 3.3
7050 417.2 3.3
7086 386.8 3.3
7114 359.7 3.3
7143 394.5 3.3
7175 392.3 3.7
7205 405.0 3.3
7234 398.7 4.7
7268 401.7 3.3
7298 393.7 3.3
7331 396.3 3.3
7359 399.0 3.7
7387 400.6 3.3
7416 397.7 3.3
7451 389.1 3.7
7492 384.5 3.3
7511 377.3 3.3
7543 378.1 3.7
7576 367.5 3.7
7597 354.0 8.8
7604 365.3 3.3
7640 363.8 3.7
7660 370.8 3.7
7699 373.4 3.7
7723 368.1 3.3
7752 366.7 3.1
7787 346.1 3.3
7817 359.6 3.3
7844 360.9 3.4
7872 365.0 5.0
7914 343.3 3.7
7971 344.2 5.1
7995 346.5 3.3
8031 329.6 3.7
8055 332.9 3.7
8094 347.0 5.3
8122 335.4 4.5
8178 332.9 3.3
8215 335.6 4.7
8248 331.5 3.7
8277 323.6 3.3
8304 317.6 3.3
8326 335.1 3.4
8332 322.0 3.7
8367 325.0 3.7
8539 314.6 3.7
8579 310.4 3.7
8598 314.8 3.7
8633 308.8 3.2
8668 309.0 5.1
8697 321.3 8.9
8731 308.1 3.3
8794 310.2 3.3
8858 302.8 3.3
8879 304.2 3.7
8911 296.2 3.2
8936 292.3 3.3
8973 298.6 3.8
9006 284.0 3.8
9060 282.9 3.7
9089 303.5 3.8
9125 276.4 3.3
9190 282.3 3.3
9215 289.0 3.8
9242 277.6 3.3
9276 279.4 3.3
9335 281.5 3.7
9361 274.3 3.7
9396 278.1 3.3
9430 282.7 3.7
9463 272.9 3.2
9486 268.6 3.4
9523 266.0 3.7
9550 260.9 3.7
9584 264.1 4.7
9613 270.9 3.3
9670 263.3 3.7
9734 259.5 3.3
9760 258.0 5.1
9788 256.8 3.3
9818 254.7 3.7
9850 254.8 3.2
10007 245.2 3.2
10034 248.5 3.2
10067 249.2 3.8
10123 241.3 3.2
10218 235.5 3.4
10260 233.6 3.7
10281 227.4 3.7
10308 233.9 3.3
10401 235.6 3.7
10474 235.0 3.7
10531 221.2 3.7
10623 217.5 3.3
10644 230.3 3.8
10737 214.0 3.8
10799 214.5 3.8
10824 238.0 4.4
10862 208.1 3.5
10924 206.9 2.7
10945 216.8 3.3
11007 206.9 3.3
11057 209.8 3.8
11157 216.1 9.4
11191 212.4 6.4
11222 202.8 6.4
11276 203.5 4.8
11306 205.1 4.8
11345 204.6 3.8
11380 203.3 6.4
11425 199.4 5.5
11430 189.1 6.3
11457 183.5 7.2
11528 194.5 4.9
11557 188.3 4.1
11585 200.5 4.1
11613 193.8 4.8
11647 190.9 4.8
11676 189.2 4.8
11704 186.5 4.8
11830 185.8 4.8
11860 176.3 5.4
12259 175.7 6.4
12294 176.1 6.7
12329 167.3 5.9
12363 178.4 7.9
12396 178.6 3.2
12417 169.2 3.5
12460 175.4 3.6
12480 167.2 3.8
12543 196.1 3.6
12572 162.8 3.5
12607 164.5 3.5
12644 164.6 3.8
12668 160.5 3.8
12740 194.0 3.9
12776 161.0 3.8
12816 154.0 3.9
12846 173.7 3.5
12908 164.1 3.8
12989 160.4 3.9
13025 159.0 4.7
13057 162.3 3.3
13110 162.9 4.8
13144 162.9 3.5
13174 154.1 3.8
13209 157.2 4.1
13238 169.0 3.6
13280 164.9 11.9
13301 163.0 6.7
13330 164.2 3.4
13359 162.6 5.7
13403 158.5 3.3
13421 155.3 3.5
13448 162.6 2.9
13498 149.8 3.6
13554 155.9 4.5
13580 156.5 3.2
13622 161.4 2.7
13645 165.6 3.2
13727 160.9 6.0
13762 139.0 4.5
13807 149.2 4.8
13942 140.3 2.9
13978 132.6 3.5
14021 135.0 3.7
14076 125.6 3.1
