200.92 58.0 0.1
200.83 62.6 0.1
200.75 70.0 0.1
200.67 55.7 0.1
200.58 85.0 0.1
200.5 83.5 0.1
200.42 94.8 0.1
200.33 66.3 0.1
200.25 75.9 0.1
200.17 75.5 0.1
200.08 158.6 0.1
200 85.2 0.1
199.92 73.3 0.1
199.83 75.9 0.1
199.75 89.2 0.1
199.67 88.3 0.1
199.58 90.0 0.1
199.5 100.0 0.1
199.42 85.4 0.1
199.33 103.0 0.1
199.25 91.2 0.1
199.17 65.7 0.1
199.08 63.3 0.1
199 75.4 0.1
198.92 70.0 0.1
198.83 43.5 0.1
198.75 45.3 0.1
198.67 56.4 0.1
198.58 60.7 0.1
198.5 50.7 0.1
198.42 66.3 0.1
198.33 59.8 0.1
198.25 23.5 0.1
198.17 23.2 0.1
198.08 28.5 0.1
198 44.0 0.1
197.92 35.0 0.1
197.83 50.0 0.1
197.75 71.0 0.1
197.67 59.3 0.1
197.58 59.7 0.1
197.5 39.6 0.1
197.42 78.4 0.1
197.33 29.3 0.1
197.25 27.1 0.1
197.17 46.6 0.1
197.08 37.6 0.1
197 40.0 0.1
196.92 44.0 0.1
196.83 32.0 0.1
196.75 45.7 0.1
196.67 38.0 0.1
196.58 36.0 0.1
196.5 31.7 0.1
196.42 22.0 0.1
196.33 39.0 0.1
196.25 28.0 0.1
196.17 25.0 0.1
196.08 20.0 0.1
196 6.7 0.1
195.92 0.0 0.1
195.83 3.0 0.1
195.75 1.7 0.1
195.67 13.7 0.1
195.58 20.7 0.1
195.5 26.7 0.1
195.42 18.8 0.1
195.33 12.3 0.1
195.25 8.2 0.1
195.17 24.1 0.1
195.08 13.2 0.1
195 4.2 0.1
194.92 10.2 0.1
194.83 11.2 0.1
194.75 6.8 0.1
194.67 6.5 0.1
194.58 0.0 0.1
194.5 0.0 0.1
194.42 8.6 0.1
194.33 3.2 0.1
194.25 17.8 0.1
194.17 23.7 0.1
194.08 6.8 0.1
194 20.0 0.1
193.92 12.5 0.1
193.83 7.1 0.1
193.75 5.4 0.1
193.67 9.4 0.1
193.58 12.5 0.1
193.5 12.9 0.1
193.42 3.6 0.1
193.33 6.4 0.1
193.25 11.8 0.1
193.17 14.3 0.1
193.08 17.0 0.1
193 9.4 0.1
192.92 14.1 0.1
192.83 21.2 0.1
192.75 26.2 0.1
192.67 30.0 0.1
192.58 38.1 0.1
192.5 12.8 0.1
192.42 25.0 0.1
192.33 51.3 0.1
192.25 39.7 0.1
192.17 32.5 0.1
192.08 64.7 0.1
192 33.5 0.1
191.92 37.6 0.1
191.83 52.0 0.1
191.75 49.0 0.1
191.67 72.3 0.1
191.58 46.4 0.1
191.5 45.0 0.1
191.42 44.0 0.1
191.33 38.7 0.1
191.25 62.5 0.1
191.17 37.7 0.1
191.08 43.0 0.1
191 43.0 0.1
190.92 48.3 0.1
190.83 44.0 0.1
190.75 46.8 0.1
190.67 47.0 0.1
190.58 49.0 0.1
190.5 50.0 0.1
190.42 51.0 0.1
190.33 71.3 0.1
190.25 77.2 0.1
190.17 59.7 0.1
190.08 46.3 0.1
190 57.0 0.1
189.92 67.3 0.1
189.83 59.5 0.1
189.75 74.7 0.1
189.67 58.3 0.1
189.58 72.0 0.1
189.5 48.3 0.1
189.42 66.0 0.1
189.33 75.6 0.1
189.25 61.3 0.1
189.17 50.6 0.1
189.08 59.7 0.1
189 61.0 0.1
188.92 70.0 0.1
188.83 91.0 0.1
188.75 80.7 0.1
188.67 71.7 0.1
188.58 107.2 0.1
188.5 99.3 0.1
188.42 94.1 0.1
188.33 91.1 0.1
188.25 100.7 0.1
188.17 88.7 0.1
188.08 89.7 0.1
188 46.0 0.1
187.92 43.8 0.1
187.83 72.8 0.1
187.75 45.7 0.1
187.67 60.2 0.1
187.58 39.9 0.1
187.5 77.1 0.1
187.42 33.8 0.1
187.33 67.7 0.1
187.25 68.5 0.1
187.17 69.3 0.1
187.08 77.8 0.1
187 77.2 0.1
186.92 56.5 0.1
186.83 31.9 0.1
186.75 34.2 0.1
186.67 32.9 0.1
186.58 32.7 0.1
186.5 35.8 0.1
186.42 54.2 0.1
186.33 26.5 0.1
186.25 68.1 0.1
186.17 46.3 0.1
186.08 60.9 0.1
186 61.4 0.1
185.92 59.7 0.1
185.83 59.7 0.1
185.75 40.2 0.1
185.67 34.4 0.1
185.58 44.3 0.1
185.5 30.0 0.1
185.42 30.0 0.1
185.33 30.0 0.1
185.25 28.2 0.1
185.17 28.0 0.1
185.08 26.0 0.1
185 25.7 0.1
184.92 24.0 0.1
184.83 26.0 0.1
184.75 25.0 0.1
184.67 22.0 0.1
184.58 20.2 0.1
184.5 20.0 0.1
184.42 27.0 0.1
184.33 29.7 0.1
184.25 16.0 0.1
184.17 14.0 0.1
184.08 14.0 0.1
184 13.0 0.1
183.92 12.0 0.1
183.83 11.0 0.1
183.75 36.6 0.1
183.67 6.0 0.1
183.58 26.8 0.1
183.5 3.0 0.1
183.42 3.3 0.1
183.33 4.0 0.1
183.25 4.3 0.1
183.17 5.0 0.1
183.08 5.7 0.1
183 19.2 0.1
182.92 27.4 0.1
182.83 30.0 0.1
182.75 43.0 0.1
182.67 32.9 0.1
182.58 29.8 0.1
182.5 33.3 0.1
182.42 21.9 0.1
182.33 40.8 0.1
182.25 42.7 0.1
182.17 44.1 0.1
182.08 54.7 0.1
182 53.3 0.1
181.92 53.5 0.1
181.83 66.1 0.1
181.75 46.3 0.1
181.67 42.7 0.1
181.58 77.7 0.1
181.5 77.4 0.1
181.42 52.6 0.1
181.33 66.8 0.1
181.25 74.8 0.1
181.17 77.8 0.1
181.08 90.6 0.1
181 111.8 0.1
180.92 73.9 0.1
180.83 64.2 0.1
180.75 64.3 0.1
180.67 96.7 0.1
180.58 73.6 0.1
180.5 94.4 0.1
180.42 118.6 0.1
180.33 120.3 0.1
180.25 148.8 0.1
180.17 158.2 0.1
180.08 148.1 0.1
180 112.0 0.1
179.92 104.0 0.1
179.83 142.5 0.1
179.75 80.1 0.1
179.67 51.0 0.1
179.58 70.1 0.1
179.5 83.3 0.1
179.42 109.8 0.1
179.33 126.3 0.1
179.25 104.4 0.1
179.17 103.6 0.1
179.08 132.2 0.1
179 102.3 0.1
178.92 36.0 0.1
178.83 46.2 0.1
178.75 46.7 0.1
178.67 64.9 0.1
178.58 152.7 0.1
178.5 119.5 0.1
178.42 67.7 0.1
178.33 58.5 0.1
178.25 101.4 0.1
178.17 90.0 0.1
178.08 99.7 0.1
178 95.7 0.1
177.92 100.9 0.1
177.83 90.8 0.1
177.75 31.1 0.1
177.67 92.2 0.1
177.58 38.0 0.1
177.5 57.0 0.1
177.42 77.3 0.1
177.33 56.2 0.1
177.25 50.5 0.1
177.17 78.6 0.1
177.08 61.3 0.1
177 64.0 0.1
176.92 54.6 0.1
176.83 29.0 0.1
176.75 51.2 0.1
176.67 32.9 0.1
176.58 41.1 0.1
176.5 28.4 0.1
176.42 27.7 0.1
176.33 12.7 0.1
176.25 29.3 0.1
176.17 26.3 0.1
176.08 40.9 0.1
176 43.2 0.1
175.92 46.8 0.1
175.83 65.4 0.1
175.75 55.7 0.1
175.67 43.8 0.1
175.58 51.3 0.1
175.5 28.5 0.1
175.42 17.5 0.1
175.33 6.6 0.1
175.25 7.9 0.1
175.17 14.0 0.1
175.08 17.7 0.1
175 12.2 0.1
174.92 4.4 0.1
174.83 0.0 0.1
174.75 11.6 0.1
174.67 11.2 0.1
174.58 3.9 0.1
174.5 12.3 0.1
174.42 1.0 0.1
174.33 7.9 0.1
174.25 3.2 0.1
174.17 5.6 0.1
174.08 15.1 0.1
174 7.9 0.1
173.92 21.7 0.1
173.83 11.6 0.1
173.75 6.3 0.1
173.67 21.8 0.1
173.58 11.2 0.1
173.5 19.0 0.1
173.42 1.0 0.1
173.33 24.2 0.1
173.25 16.0 0.1
173.17 30.0 0.1
173.08 35.0 0.1
173 40.0 0.1
172.92 45.0 0.1
172.83 36.5 0.1
172.75 39.0 0.1
172.67 95.5 0.1
172.58 80.3 0.1
172.5 80.7 0.1
172.42 95.0 0.1
172.33 112.0 0.1
172.25 116.2 0.1
172.17 106.5 0.1
172.08 146.0 0.1
172 157.3 0.1
171.92 177.3 0.1
171.83 109.3 0.1
171.75 134.0 0.1
171.67 145.0 0.1
171.58 238.9 0.1
171.5 171.6 0.1
171.42 153.0 0.1
171.33 140.0 0.1
171.25 171.7 0.1
171.17 156.3 0.1
171.08 150.3 0.1
171 105.0 0.1
170.92 114.7 0.1
170.83 165.7 0.1
170.75 118.0 0.1
170.67 145.0 0.1
170.58 140.0 0.1
170.5 113.7 0.1
170.42 143.0 0.1
170.33 112.0 0.1
170.25 111.0 0.1
170.17 124.0 0.1
170.08 114.0 0.1
170 110.0 0.1
169.92 70.0 0.1
169.83 98.0 0.1
169.75 98.0 0.1
169.67 95.0 0.1
169.58 107.2 0.1
169.5 88.0 0.1
169.42 86.0 0.1
169.33 86.0 0.1
169.25 93.7 0.1
169.17 77.0 0.1
169.08 60.0 0.1
169 58.7 0.1
168.92 98.7 0.1
168.83 74.7 0.1
168.75 53.0 0.1
168.67 68.3 0.1
168.58 104.7 0.1
168.5 97.7 0.1
168.42 73.5 0.1
168.33 66.0 0.1
168.25 51.0 0.1
168.17 27.3 0.1
168.08 67.0 0.1
168 35.2 0.1
167.92 54.0 0.1
167.83 37.5 0.1
167.75 37.0 0.1
167.67 41.0 0.1
167.58 54.3 0.1
167.5 38.0 0.1
167.42 37.0 0.1
167.33 44.0 0.1
167.25 34.0 0.1
167.17 23.2 0.1
167.08 31.5 0.1
167 30.0 0.1
166.92 28.0 0.1
166.83 38.7 0.1
166.75 26.7 0.1
166.67 28.3 0.1
166.58 23.0 0.1
166.5 25.2 0.1
166.42 32.2 0.1
166.33 20.0 0.1
166.25 18.0 0.1
166.17 8.0 0.1
166.08 15.0 0.1
166 10.5 0.1
165.92 13.0 0.1
165.83 8.0 0.1
165.75 11.0 0.1
165.67 10.0 0.1
165.58 6.0 0.1
165.5 9.0 0.1
165.42 6.0 0.1
165.33 10.0 0.1
165.25 10.0 0.1
165.17 8.0 0.1
165.08 17.0 0.1
165 14.0 0.1
164.92 6.5 0.1
164.83 8.0 0.1
164.75 9.0 0.1
164.67 15.7 0.1
164.58 20.7 0.1
164.5 26.3 0.1
164.42 36.3 0.1
164.33 20.0 0.1
164.25 32.0 0.1
164.17 47.2 0.1
164.08 40.2 0.1
164 27.3 0.1
163.92 37.2 0.1
163.83 47.6 0.1
163.75 47.7 0.1
163.67 85.4 0.1
163.58 92.3 0.1
163.5 59.0 0.1
163.42 83.0 0.1
163.33 89.7 0.1
163.25 111.5 0.1
163.17 112.3 0.1
163.08 116.0 0.1
163 112.7 0.1
162.92 134.7 0.1
162.83 106.0 0.1
162.75 87.4 0.1
162.67 127.2 0.1
162.58 134.8 0.1
162.5 99.2 0.1
162.42 128.0 0.1
162.33 137.2 0.1
162.25 157.3 0.1
162.17 157.0 0.1
162.08 141.5 0.1
162 174.0 0.1
161.92 138.0 0.1
161.83 129.2 0.1
161.75 143.3 0.1
161.67 108.5 0.1
161.58 113.0 0.1
161.5 154.2 0.1
161.42 141.5 0.1
161.33 136.0 0.1
161.25 141.0 0.1
161.17 142.0 0.1
161.08 94.7 0.1
161 129.5 0.1
160.92 114.0 0.1
160.83 125.3 0.1
160.75 120.0 0.1
160.67 123.3 0.1
160.58 123.5 0.1
160.5 120.0 0.1
160.42 117.0 0.1
160.33 103.0 0.1
160.25 112.0 0.1
160.17 89.7 0.1
160.08 134.0 0.1
160 135.5 0.1
159.92 103.0 0.1
159.83 127.5 0.1
159.75 96.3 0.1
159.67 94.0 0.1
159.58 93.0 0.1
159.5 91.0 0.1
159.42 69.3 0.1
159.33 87.0 0.1
159.25 77.3 0.1
159.17 84.3 0.1
159.08 82.0 0.1
159 74.0 0.1
158.92 72.7 0.1
158.83 62.0 0.1
158.75 74.0 0.1
158.67 77.2 0.1
158.58 73.7 0.1
158.5 64.2 0.1
158.42 71.0 0.1
158.33 43.0 0.1
158.25 66.5 0.1
158.17 61.7 0.1
158.08 67.0 0.1
158 66.0 0.1
157.92 58.0 0.1
157.83 64.0 0.1
157.75 63.0 0.1
157.67 75.7 0.1
157.58 62.0 0.1
157.5 61.0 0.1
157.42 45.8 0.1
157.33 60.0 0.1
157.25 59.0 0.1
157.17 59.0 0.1
157.08 57.0 0.1
157 56.0 0.1
156.92 56.0 0.1
156.83 55.0 0.1
156.75 55.5 0.1
156.67 53.0 0.1
156.58 52.3 0.1
156.5 51.0 0.1
156.42 50.0 0.1
156.33 29.3 0.1
156.25 24.0 0.1
156.17 47.0 0.1
156.08 44.0 0.1
156 45.7 0.1
155.92 45.0 0.1
155.83 44.0 0.1
155.75 38.0 0.1
155.67 28.4 0.1
155.58 55.7 0.1
155.5 41.5 0.1
155.42 41.0 0.1
155.33 40.0 0.1
155.25 11.1 0.1
155.17 28.5 0.1
155.08 67.4 0.1
155 51.4 0.1
154.92 21.4 0.1
154.83 39.9 0.1
154.75 12.6 0.1
154.67 18.6 0.1
154.58 31.0 0.1
154.5 17.1 0.1
154.42 12.9 0.1
154.33 25.7 0.1
154.25 13.5 0.1
154.17 19.5 0.1
154.08 25.0 0.1
154 18.0 0.1
153.92 22.0 0.1
153.83 23.8 0.1
153.75 15.7 0.1
153.67 31.7 0.1
153.58 21.0 0.1
153.5 6.7 0.1
153.42 26.9 0.1
153.33 1.5 0.1
153.25 18.4 0.1
153.17 11.0 0.1
153.08 8.4 0.1
153 5.1 0.1
152.92 14.4 0.1
152.83 4.2 0.1
152.75 4.0 0.1
152.67 4.0 0.1
152.58 7.3 0.1
152.5 11.1 0.1
152.42 4.3 0.1
152.33 6.0 0.1
152.25 5.7 0.1
152.17 6.9 0.1
152.08 5.8 0.1
152 3.0 0.1
151.92 2.0 0.1
151.83 4.0 0.1
151.75 12.4 0.1
151.67 1.1 0.1
151.58 0.0 0.1
151.5 0.0 0.1
151.42 0.0 0.1
151.33 3.0 0.1
151.25 2.4 0.1
151.17 1.5 0.1
151.08 12.5 0.1
151 9.9 0.1
150.92 1.6 0.1
150.83 12.6 0.1
150.75 21.7 0.1
150.67 8.4 0.1
150.58 8.2 0.1
150.5 10.6 0.1
150.42 2.1 0.1
150.33 0.0 0.1
150.25 0.0 0.1
150.17 4.6 0.1
150.08 2.7 0.1
150 8.6 0.1
149.92 6.9 0.1
149.83 9.3 0.1
149.75 13.9 0.1
149.67 0.0 0.1
149.58 5.0 0.1
149.5 23.7 0.1
149.42 21.0 0.1
149.33 19.5 0.1
149.25 11.5 0.1
149.17 12.3 0.1
149.08 10.5 0.1
149 40.1 0.1
148.92 27.0 0.1
148.83 29.0 0.1
148.75 30.0 0.1
148.67 31.0 0.1
148.58 32.0 0.1
148.5 31.2 0.1
148.42 35.0 0.1
148.33 38.7 0.1
148.25 33.5 0.1
148.17 32.6 0.1
148.08 39.8 0.1
148 48.2 0.1
147.92 47.8 0.1
147.83 47.0 0.1
147.75 40.8 0.1
147.67 42.0 0.1
147.58 44.0 0.1
147.5 46.0 0.1
147.42 48.0 0.1
147.33 50.0 0.1
147.25 51.8 0.1
147.17 38.5 0.1
147.08 34.5 0.1
147 50.0 0.1
146.92 50.0 0.1
146.83 50.8 0.1
146.75 29.5 0.1
146.67 25.0 0.1
146.58 44.3 0.1
146.5 36.0 0.1
146.42 48.3 0.1
146.33 34.1 0.1
146.25 45.3 0.1
146.17 54.3 0.1
146.08 51.0 0.1
146 48.0 0.1
145.92 45.3 0.1
145.83 48.3 0.1
145.75 48.0 0.1
145.67 50.6 0.1
145.58 33.4 0.1
145.5 34.8 0.1
145.42 29.8 0.1
145.33 43.1 0.1
145.25 53.0 0.1
145.17 62.3 0.1
145.08 61.0 0.1
145 60.0 0.1
144.92 61.0 0.1
144.83 44.1 0.1
144.75 51.4 0.1
144.67 37.5 0.1
144.58 39.0 0.1
144.5 40.5 0.1
144.42 37.6 0.1
144.33 42.7 0.1
144.25 44.4 0.1
144.17 29.4 0.1
144.08 41.0 0.1
144 38.3 0.1
143.92 39.0 0.1
143.83 29.6 0.1
143.75 32.7 0.1
143.67 27.7 0.1
143.58 26.4 0.1
143.5 25.6 0.1
143.42 30.0 0.1
143.33 26.3 0.1
143.25 24.0 0.1
143.17 27.0 0.1
143.08 25.0 0.1
143 24.0 0.1
142.92 12.0 0.1
142.83 12.2 0.1
142.75 9.6 0.1
142.67 23.8 0.1
142.58 10.0 0.1
142.5 12.0 0.1
142.42 12.7 0.1
142.33 12.0 0.1
142.25 5.7 0.1
142.17 8.0 0.1
142.08 2.6 0.1
142 0.0 0.1
141.92 0.0 0.1
141.83 4.5 0.1
141.75 0.0 0.1
141.67 12.3 0.1
141.58 13.5 0.1
141.5 13.5 0.1
141.42 6.7 0.1
141.33 8.0 0.1
141.25 11.7 0.1
141.17 4.7 0.1
141.08 10.5 0.1
141 12.3 0.1
140.92 7.2 0.1
140.83 9.2 0.1
140.75 0.9 0.1
140.67 2.5 0.1
140.58 2.0 0.1
140.5 7.7 0.1
140.42 0.3 0.1
140.33 0.2 0.1
140.25 0.4 0.1
140.17 0.0 0.1
140.08 0.0 0.1
140 0.0 0.1
139.92 0.0 0.1
139.83 0.0 0.1
139.75 0.0 0.1
139.67 0.0 0.1
139.58 0.0 0.1
139.5 0.0 0.1
139.42 0.0 0.1
139.33 0.0 0.1
139.25 0.0 0.1
139.17 0.0 0.1
139.08 0.0 0.1
139 0.0 0.1
138.92 0.0 0.1
138.83 0.0 0.1
138.75 0.0 0.1
138.67 0.0 0.1
138.58 0.0 0.1
138.5 0.0 0.1
138.42 6.6 0.1
138.33 0.0 0.1
138.25 2.4 0.1
138.17 6.1 0.1
138.08 0.8 0.1
138 1.1 0.1
137.92 11.3 0.1
137.83 1.9 0.1
137.75 0.7 0.1
137.67 0.0 0.1
137.58 1.0 0.1
137.5 1.3 0.1
137.42 0.5 0.1
137.33 15.6 0.1
137.25 5.2 0.1
137.17 3.9 0.1
137.08 7.9 0.1
137 10.1 0.1
136.92 0.0 0.1
136.83 10.3 0.1
136.75 1.9 0.1
136.67 16.6 0.1
136.58 5.5 0.1
136.5 11.2 0.1
136.42 18.3 0.1
136.33 8.4 0.1
136.25 15.3 0.1
136.17 27.8 0.1
136.08 16.7 0.1
136 14.3 0.1
135.92 22.2 0.1
135.83 12.0 0.1
135.75 5.7 0.1
135.67 23.8 0.1
135.58 5.8 0.1
135.5 14.9 0.1
135.42 18.5 0.1
135.33 2.3 0.1
135.25 8.1 0.1
135.17 19.3 0.1
135.08 14.5 0.1
135 20.1 0.1
134.92 19.2 0.1
134.83 32.2 0.1
134.75 26.2 0.1
134.67 31.6 0.1
134.58 9.8 0.1
134.5 55.9 0.1
134.42 35.5 0.1
134.33 47.2 0.1
134.25 31.5 0.1
134.17 33.5 0.1
134.08 37.2 0.1
134 65.0 0.1
133.92 26.3 0.1
133.83 68.8 0.1
133.75 73.7 0.1
133.67 58.8 0.1
133.58 44.3 0.1
133.5 43.6 0.1
133.42 38.8 0.1
133.33 23.2 0.1
133.25 47.8 0.1
133.17 56.4 0.1
133.08 38.1 0.1
133 29.9 0.1
132.92 36.4 0.1
132.83 57.9 0.1
132.75 96.2 0.1
132.67 26.4 0.1
132.58 21.2 0.1
132.5 40.0 0.1
132.42 50.0 0.1
132.33 45.0 0.1
132.25 36.7 0.1
132.17 25.6 0.1
132.08 28.9 0.1
132 28.4 0.1
131.92 34.9 0.1
131.83 22.4 0.1
131.75 25.4 0.1
131.67 34.5 0.1
131.58 53.1 0.1
131.5 36.4 0.1
131.42 28.0 0.1
131.33 31.5 0.1
131.25 26.1 0.1
131.17 31.6 0.1
131.08 10.9 0.1
131 25.8 0.1
130.92 32.8 0.1
130.83 20.7 0.1
130.75 3.7 0.1
130.67 20.2 0.1
130.58 19.6 0.1
130.5 35.0 0.1
130.42 31.4 0.1
130.33 26.1 0.1
130.25 14.9 0.1
130.17 27.5 0.1
130.08 25.1 0.1
130 30.6 0.1
129.92 19.2 0.1
129.83 26.6 0.1
129.75 4.5 0.1
129.67 19.4 0.1
129.58 29.3 0.1
129.5 10.8 0.1
129.42 20.6 0.1
129.33 25.9 0.1
129.25 5.2 0.1
129.17 8.9 0.1
129.08 7.9 0.1
129 9.1 0.1
128.92 21.5 0.1
128.83 4.2 0.1
128.75 5.7 0.1
128.67 9.2 0.1
128.58 1.7 0.1
128.5 1.8 0.1
128.42 2.5 0.1
128.33 4.8 0.1
128.25 4.4 0.1
128.17 18.8 0.1
128.08 4.4 0.1
128 0.2 0.1
127.92 0.0 0.1
127.83 0.9 0.1
127.75 16.1 0.1
127.67 13.5 0.1
127.58 1.5 0.1
127.5 5.6 0.1
127.42 7.9 0.1
127.33 2.1 0.1
127.25 0.0 0.1
127.17 0.4 0.1
127.08 0.0 0.1
127 0.0 0.1
126.92 0.0 0.1
126.83 0.0 0.1
126.75 0.6 0.1
126.67 0.0 0.1
126.58 0.0 0.1
126.5 0.0 0.1
126.42 0.5 0.1
126.33 0.0 0.1
126.25 0.0 0.1
126.17 0.0 0.1
126.08 0.0 0.1
126 20.4 0.1
125.92 21.7 0.1
125.83 10.8 0.1
125.75 0.0 0.1
125.67 19.4 0.1
125.58 2.8 0.1
125.5 0.0 0.1
125.42 0.0 0.1
125.33 1.4 0.1
125.25 20.5 0.1
125.17 25.2 0.1
125.08 0.0 0.1
125 0.8 0.1
124.92 5.0 0.1
124.83 15.5 0.1
124.75 22.4 0.1
124.67 3.8 0.1
124.58 15.5 0.1
124.5 15.4 0.1
124.42 30.9 0.1
124.33 25.7 0.1
124.25 15.7 0.1
124.17 15.6 0.1
124.08 11.7 0.1
124 22.0 0.1
123.92 17.7 0.1
123.83 18.2 0.1
123.75 36.7 0.1
123.67 24.0 0.1
123.58 32.4 0.1
123.5 37.1 0.1
123.42 52.5 0.1
123.33 39.6 0.1
123.25 18.9 0.1
123.17 50.6 0.1
123.08 39.5 0.1
123 68.1 0.1
122.92 34.6 0.1
122.83 47.4 0.1
122.75 57.8 0.1
122.67 46.0 0.1
122.58 56.3 0.1
122.5 56.7 0.1
122.42 42.3 0.1
122.33 53.7 0.1
122.25 49.6 0.1
122.17 56.1 0.1
122.08 48.2 0.1
122 46.1 0.1
121.92 52.8 0.1
121.83 64.4 0.1
121.75 65.0 0.1
121.67 61.1 0.1
121.58 89.1 0.1
121.5 98.0 0.1
121.42 54.2 0.1
121.33 76.4 0.1
121.25 50.4 0.1
121.17 54.7 0.1
121.08 57.0 0.1
121 46.9 0.1
120.92 43.0 0.1
120.83 49.4 0.1
120.75 72.3 0.1
120.67 95.0 0.1
120.58 67.4 0.1
120.5 73.9 0.1
120.42 90.8 0.1
120.33 77.6 0.1
120.25 52.8 0.1
120.17 57.2 0.1
120.08 67.6 0.1
120 56.5 0.1
119.92 52.2 0.1
119.83 72.1 0.1
119.75 84.6 0.1
119.67 106.3 0.1
119.58 66.3 0.1
119.5 65.1 0.1
119.42 43.9 0.1
119.33 50.7 0.1
119.25 62.1 0.1
119.17 84.4 0.1
119.08 81.2 0.1
119 82.1 0.1
118.92 47.5 0.1
118.83 50.1 0.1
118.75 93.4 0.1
118.67 54.5 0.1
118.58 38.1 0.1
118.5 33.4 0.1
118.42 45.2 0.1
118.33 55.0 0.1
118.25 37.9 0.1
118.17 46.3 0.1
118.08 43.5 0.1
118 28.9 0.1
117.92 30.9 0.1
117.83 55.6 0.1
117.75 55.1 0.1
117.67 26.9 0.1
117.58 41.3 0.1
117.5 26.7 0.1
117.42 14.0 0.1
117.33 8.9 0.1
117.25 8.2 0.1
117.17 21.1 0.1
117.08 14.3 0.1
117 27.5 0.1
116.92 11.3 0.1
116.83 14.9 0.1
116.75 11.8 0.1
116.67 2.8 0.1
116.58 12.9 0.1
116.5 1.0 0.1
116.42 7.0 0.1
116.33 5.7 0.1
116.25 11.6 0.1
116.17 7.5 0.1
116.08 5.9 0.1
116 9.9 0.1
115.92 4.9 0.1
115.83 18.1 0.1
115.75 3.9 0.1
115.67 1.4 0.1
115.58 8.8 0.1
115.5 7.8 0.1
115.42 8.7 0.1
115.33 4.0 0.1
115.25 11.5 0.1
115.17 24.8 0.1
115.08 30.5 0.1
115 34.5 0.1
114.92 7.5 0.1
114.83 24.5 0.1
114.75 19.7 0.1
114.67 61.5 0.1
114.58 43.6 0.1
114.5 33.2 0.1
114.42 59.8 0.1
114.33 59.0 0.1
114.25 100.8 0.1
114.17 95.2 0.1
114.08 100.0 0.1
114 77.5 0.1
113.92 88.6 0.1
113.83 107.6 0.1
113.75 98.2 0.1
113.67 142.9 0.1
113.58 111.4 0.1
113.5 124.7 0.1
113.42 116.7 0.1
113.33 107.8 0.1
113.25 95.1 0.1
113.17 137.4 0.1
113.08 120.9 0.1
113 206.2 0.1
112.92 188.0 0.1
112.83 175.6 0.1
112.75 134.6 0.1
112.67 138.2 0.1
112.58 111.7 0.1
112.5 158.0 0.1
112.42 162.8 0.1
112.33 134.0 0.1
112.25 96.3 0.1
112.17 123.7 0.1
112.08 107.0 0.1
112 129.8 0.1
111.92 144.9 0.1
111.83 84.8 0.1
111.75 140.8 0.1
111.67 126.6 0.1
111.58 137.6 0.1
111.5 94.5 0.1
111.42 108.2 0.1
111.33 78.8 0.1
111.25 73.6 0.1
111.17 90.8 0.1
111.08 77.4 0.1
111 79.8 0.1
110.92 105.6 0.1
110.83 102.5 0.1
110.75 77.7 0.1
110.67 61.8 0.1
110.58 53.8 0.1
110.5 54.6 0.1
110.42 84.8 0.1
110.33 131.2 0.1
110.25 132.7 0.1
110.17 90.9 0.1
110.08 68.8 0.1
110 63.7 0.1
109.92 81.2 0.1
109.83 87.7 0.1
109.75 67.8 0.1
109.67 65.9 0.1
109.58 69.2 0.1
109.5 48.5 0.1
109.42 60.7 0.1
109.33 57.8 0.1
109.25 74.0 0.1
109.17 55.0 0.1
109.08 54.3 0.1
109 53.7 0.1
108.92 24.1 0.1
108.83 29.9 0.1
108.75 29.7 0.1
108.67 40.2 0.1
108.58 67.5 0.1
108.5 55.7 0.1
108.42 30.8 0.1
108.33 39.3 0.1
108.25 36.5 0.1
108.17 28.5 0.1
108.08 19.8 0.1
108 38.8 0.1
107.92 20.4 0.1
107.83 22.1 0.1
107.75 21.7 0.1
107.67 26.9 0.1
107.58 24.9 0.1
107.5 20.5 0.1
107.42 12.6 0.1
107.33 26.6 0.1
107.25 18.4 0.1
107.17 38.1 0.1
107.08 40.5 0.1
107 17.6 0.1
106.92 13.3 0.1
106.83 3.5 0.1
106.75 8.3 0.1
106.67 9.5 0.1
106.58 21.1 0.1
106.5 10.5 0.1
106.42 9.5 0.1
106.33 11.8 0.1
106.25 4.2 0.1
106.17 5.3 0.1
106.08 19.1 0.1
106 12.7 0.1
105.92 9.4 0.1
105.83 14.7 0.1
105.75 13.6 0.1
105.67 20.8 0.1
105.58 11.6 0.1
105.5 3.7 0.1
105.42 21.2 0.1
105.33 23.9 0.1
105.25 7.0 0.1
105.17 21.5 0.1
105.08 10.7 0.1
105 21.6 0.1
104.92 25.7 0.1
104.83 43.6 0.1
104.75 43.3 0.1
104.67 57.0 0.1
104.58 47.8 0.1
104.5 31.1 0.1
104.42 30.6 0.1
104.33 32.3 0.1
104.25 29.6 0.1
104.17 40.7 0.1
104.08 39.4 0.1
104 59.7 0.1
103.92 38.7 0.1
103.83 51.0 0.1
103.75 63.9 0.1
103.67 69.3 0.1
103.58 59.9 0.1
103.5 65.1 0.1
103.42 46.5 0.1
103.33 54.8 0.1
103.25 107.1 0.1
103.17 55.9 0.1
103.08 60.4 0.1
103 65.5 0.1
102.92 62.6 0.1
102.83 44.9 0.1
102.75 85.7 0.1
102.67 44.7 0.1
102.58 75.4 0.1
102.5 85.3 0.1
102.42 52.2 0.1
102.33 140.6 0.1
102.25 160.9 0.1
102.17 180.4 0.1
102.08 138.9 0.1
102 109.6 0.1
101.92 159.1 0.1
101.83 111.8 0.1
101.75 108.6 0.1
101.67 107.1 0.1
101.58 102.2 0.1
101.5 129.0 0.1
101.42 139.2 0.1
101.33 132.6 0.1
101.25 100.3 0.1
101.17 132.4 0.1
101.08 114.6 0.1
101 159.5 0.1
100.92 157.0 0.1
100.83 131.7 0.1
100.75 96.2 0.1
100.67 102.5 0.1
100.58 80.6 0.1
100.5 81.1 0.1
100.42 78.0 0.1
100.33 67.7 0.1
100.25 93.7 0.1
100.17 71.5 0.1
100.08 99.0 0.1
100 97.0 0.1
99.92 78.0 0.1
99.83 89.4 0.1
99.75 82.6 0.1
99.67 44.1 0.1
99.58 61.6 0.1
99.5 70.0 0.1
99.42 39.1 0.1
99.33 61.6 0.1
99.25 86.2 0.1
99.17 71.0 0.1
99.08 54.8 0.1
99 61.0 0.1
98.92 75.5 0.1
98.83 105.4 0.1
98.75 64.6 0.1
98.67 56.5 0.1
98.58 62.6 0.1
98.5 63.2 0.1
98.42 36.1 0.1
98.33 57.4 0.1
98.25 67.9 0.1
98.17 62.5 0.1
98.08 51.0 0.1
98 71.4 0.1
97.92 68.4 0.1
97.83 66.4 0.1
97.75 61.2 0.1
97.67 65.4 0.1
97.58 54.9 0.1
97.5 46.9 0.1
97.42 42.1 0.1
97.33 39.7 0.1
97.25 37.5 0.1
97.17 67.3 0.1
97.08 54.3 0.1
97 45.4 0.1
96.92 41.1 0.1
96.83 42.9 0.1
96.75 37.7 0.1
96.67 47.6 0.1
96.58 34.7 0.1
96.5 40.0 0.1
96.42 45.9 0.1
96.33 50.4 0.1
96.25 33.5 0.1
96.17 42.3 0.1
96.08 28.8 0.1
96 23.4 0.1
95.92 15.4 0.1
95.83 20.0 0.1
95.75 20.7 0.1
95.67 26.5 0.1
95.58 24.0 0.1
95.5 21.1 0.1
95.42 18.7 0.1
95.33 15.8 0.1
95.25 22.4 0.1
95.17 12.6 0.1
95.08 28.2 0.1
95 21.6 0.1
94.92 12.3 0.1
94.83 11.4 0.1
94.75 17.4 0.1
94.67 4.4 0.1
94.58 9.1 0.1
94.5 5.3 0.1
94.42 0.4 0.1
94.33 3.1 0.1
94.25 0.0 0.1
94.17 9.6 0.1
94.08 4.2 0.1
94 3.1 0.1
93.92 0.5 0.1
93.83 4.9 0.1
93.75 0.4 0.1
93.67 6.5 0.1
93.58 0.0 0.1
93.5 5.2 0.1
93.42 4.6 0.1
93.33 5.9 0.1
93.25 4.4 0.1
93.17 4.5 0.1
93.08 7.7 0.1
93 7.2 0.1
92.92 13.7 0.1
92.83 7.4 0.1
92.75 5.2 0.1
92.67 11.1 0.1
92.58 28.6 0.1
92.5 16.0 0.1
92.42 22.2 0.1
92.33 16.9 0.1
92.25 42.4 0.1
92.17 40.6 0.1
92.08 31.4 0.1
92 37.2 0.1
91.92 39.0 0.1
91.83 34.9 0.1
91.75 57.5 0.1
91.67 38.3 0.1
91.58 41.4 0.1
91.5 44.5 0.1
91.42 56.7 0.1
91.33 55.3 0.1
91.25 80.1 0.1
91.17 91.2 0.1
91.08 51.9 0.1
91 66.9 0.1
90.92 83.7 0.1
90.83 87.6 0.1
90.75 90.3 0.1
90.67 85.7 0.1
90.58 91.0 0.1
90.5 87.1 0.1
90.42 95.2 0.1
90.33 106.8 0.1
90.25 105.8 0.1
90.17 114.6 0.1
90.08 97.2 0.1
90 81.0 0.1
89.92 82.4 0.1
89.83 88.3 0.1
89.75 98.9 0.1
89.67 71.4 0.1
89.58 107.1 0.1
89.5 108.6 0.1
89.42 116.7 0.1
89.33 100.3 0.1
89.25 92.2 0.1
89.17 90.1 0.1
89.08 97.9 0.1
89 95.6 0.1
88.92 62.3 0.1
88.83 77.7 0.1
88.75 101.0 0.1
88.67 98.5 0.1
88.58 56.8 0.1
88.5 88.1 0.1
88.42 78.0 0.1
88.33 82.5 0.1
88.25 79.9 0.1
88.17 67.2 0.1
88.08 53.7 0.1
88 80.5 0.1
87.92 63.1 0.1
87.83 64.5 0.1
87.75 43.6 0.1
87.67 53.7 0.1
87.58 64.4 0.1
87.5 84.0 0.1
87.42 73.4 0.1
87.33 62.5 0.1
87.25 66.6 0.1
87.17 41.9 0.1
87.08 50.6 0.1
87 40.9 0.1
86.92 48.3 0.1
86.83 56.7 0.1
86.75 66.4 0.1
86.67 40.6 0.1
86.58 53.8 0.1
86.5 40.8 0.1
86.42 32.7 0.1
86.33 48.1 0.1
86.25 22.0 0.1
86.17 39.9 0.1
86.08 37.7 0.1
86 41.2 0.1
85.92 57.7 0.1
85.83 47.1 0.1
85.75 66.3 0.1
85.67 35.8 0.1
85.58 40.6 0.1
85.5 57.8 0.1
85.42 54.7 0.1
85.33 54.8 0.1
85.25 28.5 0.1
85.17 33.9 0.1
85.08 57.6 0.1
85 28.6 0.1
84.92 48.7 0.1
84.83 39.3 0.1
84.75 39.5 0.1
84.67 29.4 0.1
84.58 34.5 0.1
84.5 33.6 0.1
84.42 26.8 0.1
84.33 37.8 0.1
84.25 21.6 0.1
84.17 17.1 0.1
84.08 24.6 0.1
84 12.8 0.1
83.92 31.6 0.1
83.83 38.4 0.1
83.75 24.6 0.1
83.67 17.6 0.1
83.58 12.9 0.1
83.5 16.5 0.1
83.42 9.3 0.1
83.33 12.7 0.1
83.25 7.3 0.1
83.17 14.1 0.1
83.08 9.0 0.1
83 1.5 0.1
82.92 0.0 0.1
82.83 0.7 0.1
82.75 9.2 0.1
82.67 5.1 0.1
82.58 2.9 0.1
82.5 1.5 0.1
82.42 5.0 0.1
82.33 4.8 0.1
82.25 9.8 0.1
82.17 13.5 0.1
82.08 9.6 0.1
82 25.2 0.1
81.92 15.6 0.1
81.83 15.7 0.1
81.75 26.5 0.1
81.67 36.6 0.1
81.58 26.7 0.1
81.5 31.1 0.1
81.42 29.0 0.1
81.33 34.4 0.1
81.25 47.2 0.1
81.17 61.6 0.1
81.08 59.1 0.1
81 67.6 0.1
80.92 60.9 0.1
80.83 59.9 0.1
80.75 52.7 0.1
80.67 41.0 0.1
80.58 103.9 0.1
80.5 108.4 0.1
80.42 59.2 0.1
80.33 79.6 0.1
80.25 80.6 0.1
80.17 59.3 0.1
80.08 78.1 0.1
80 104.3 0.1
79.92 77.3 0.1
79.83 114.9 0.1
79.75 157.6 0.1
79.67 160.0 0.1
79.58 176.0 0.1
79.5 135.6 0.1
79.42 132.4 0.1
79.33 153.8 0.1
79.25 136.0 0.1
79.17 146.4 0.1
79.08 147.5 0.1
79 130.0 0.1
78.92 88.3 0.1
78.83 125.3 0.1
78.75 143.2 0.1
78.67 162.4 0.1
78.58 145.5 0.1
78.5 91.7 0.1
78.42 103.0 0.1
78.33 110.1 0.1
78.25 80.3 0.1
78.17 89.0 0.1
78.08 105.4 0.1
78 90.4 0.1
77.92 79.5 0.1
77.83 120.1 0.1
77.75 88.4 0.1
77.67 102.1 0.1
77.58 107.6 0.1
77.5 109.9 0.1
77.42 105.5 0.1
77.33 92.9 0.1
77.25 114.6 0.1
77.17 102.6 0.1
77.08 112.0 0.1
77 83.9 0.1
76.92 86.7 0.1
76.83 107.0 0.1
76.75 98.3 0.1
76.67 76.2 0.1
76.58 47.9 0.1
76.5 44.8 0.1
76.42 66.9 0.1
76.33 68.2 0.1
76.25 47.1 0.1
76.17 47.1 0.1
76.08 55.4 0.1
76 49.2 0.1
75.92 60.8 0.1
75.83 64.2 0.1
75.75 46.4 0.1
75.67 32.0 0.1
75.58 44.6 0.1
75.5 38.2 0.1
75.42 67.8 0.1
75.33 61.3 0.1
75.25 28.0 0.1
75.17 34.3 0.1
75.08 28.9 0.1
75 29.3 0.1
74.92 14.6 0.1
74.83 21.5 0.1
74.75 33.8 0.1
74.67 29.1 0.1
74.58 11.5 0.1
74.5 23.9 0.1
74.42 12.5 0.1
74.33 14.6 0.1
74.25 2.4 0.1
74.17 12.7 0.1
74.08 17.7 0.1
74 9.9 0.1
73.92 14.3 0.1
73.83 15.0 0.1
73.75 30.6 0.1
73.67 2.3 0.1
73.58 5.1 0.1
73.5 1.6 0.1
73.42 15.2 0.1
73.33 8.8 0.1
73.25 9.9 0.1
73.17 14.3 0.1
73.08 9.9 0.1
73 8.2 0.1
72.92 24.4 0.1
72.83 8.7 0.1
72.75 11.9 0.1
72.67 15.8 0.1
72.58 21.6 0.1
72.5 14.2 0.1
72.42 6.0 0.1
72.33 6.3 0.1
72.25 16.9 0.1
72.17 6.7 0.1
72.08 14.2 0.1
72 2.2 0.1
71.92 3.3 0.1
71.83 6.6 0.1
71.75 7.8 0.1
71.67 0.1 0.1
71.58 5.9 0.1
71.5 6.4 0.1
71.42 0.1 0.1
71.33 0.0 0.1
71.25 5.3 0.1
71.17 1.1 0.1
71.08 4.1 0.1
71 0.5 0.1
70.92 1.0 0.1
70.83 0.6 0.1
70.75 0.0 0.1
70.67 6.2 0.1
70.58 2.4 0.1
70.5 4.8 0.1
70.42 7.5 0.1
70.33 10.7 0.1
70.25 6.1 0.1
70.17 12.3 0.1
70.08 13.1 0.1
70 7.3 0.1
69.92 24.0 0.1
69.83 27.2 0.1
69.75 19.3 0.1
69.67 19.5 0.1
69.58 23.5 0.1
69.5 34.1 0.1
69.42 21.9 0.1
69.33 48.1 0.1
69.25 66.0 0.1
69.17 43.0 0.1
69.08 30.7 0.1
69 29.6 0.1
68.92 36.4 0.1
68.83 53.2 0.1
68.75 51.5 0.1
68.67 51.6 0.1
68.58 43.5 0.1
68.5 60.5 0.1
68.42 76.9 0.1
68.33 58.4 0.1
68.25 53.2 0.1
68.17 64.4 0.1
68.08 54.8 0.1
68 47.3 0.1
67.92 45.0 0.1
67.83 69.5 0.1
67.75 66.8 0.1
67.67 95.8 0.1
67.58 64.1 0.1
67.5 45.2 0.1
67.42 45.4 0.1
67.33 40.4 0.1
67.25 57.7 0.1
67.17 59.2 0.1
67.08 84.4 0.1
67 41.8 0.1
66.92 60.6 0.1
66.83 46.9 0.1
66.75 42.8 0.1
66.67 82.1 0.1
66.58 31.5 0.1
66.5 76.3 0.1
66.42 80.6 0.1
66.33 46.0 0.1
66.25 52.6 0.1
66.17 83.8 0.1
66.08 84.5 0.1
66 75.9 0.1
65.92 91.5 0.1
65.83 86.9 0.1
65.75 87.5 0.1
65.67 76.1 0.1
65.58 66.5 0.1
65.5 51.2 0.1
65.42 53.1 0.1
65.33 55.8 0.1
65.25 61.9 0.1
65.17 47.8 0.1
65.08 36.6 0.1
65 47.2 0.1
64.92 42.8 0.1
64.83 71.8 0.1
64.75 49.8 0.1
64.67 55.0 0.1
64.58 73.0 0.1
64.5 83.7 0.1
64.42 66.5 0.1
64.33 50.0 0.1
64.25 39.6 0.1
64.17 38.7 0.1
64.08 30.9 0.1
64 21.7 0.1
63.92 29.9 0.1
63.83 25.9 0.1
63.75 57.3 0.1
63.67 43.7 0.1
63.58 30.7 0.1
63.5 27.1 0.1
63.42 30.3 0.1
63.33 16.9 0.1
63.25 21.4 0.1
63.17 8.6 0.1
63.08 0.3 0.1
63 13.0 0.1
62.92 10.3 0.1
62.83 13.2 0.1
62.75 4.2 0.1
62.67 6.9 0.1
62.58 20.0 0.1
62.5 15.7 0.1
62.42 23.3 0.1
62.33 21.4 0.1
62.25 7.4 0.1
62.17 6.6 0.1
62.08 6.9 0.1
62 20.7 0.1
61.92 12.7 0.1
61.83 7.1 0.1
61.75 7.8 0.1
61.67 5.1 0.1
61.58 7.0 0.1
61.5 7.1 0.1
61.42 3.1 0.1
61.33 2.8 0.1
61.25 8.8 0.1
61.17 2.1 0.1
61.08 10.7 0.1
61 6.7 0.1
60.92 0.8 0.1
60.83 8.5 0.1
60.75 6.7 0.1
60.67 4.3 0.1
60.58 2.4 0.1
60.5 6.4 0.1
60.42 9.4 0.1
60.33 20.6 0.1
60.25 6.5 0.1
60.17 2.1 0.1
60.08 0.2 0.1
60 6.7 0.1
59.92 5.3 0.1
59.83 0.6 0.1
59.75 5.1 0.1
59.67 1.6 0.1
59.58 4.8 0.1
59.5 1.3 0.1
59.42 11.6 0.1
59.33 8.5 0.1
59.25 17.2 0.1
59.17 11.2 0.1
59.08 9.6 0.1
59 7.8 0.1
58.92 13.5 0.1
58.83 22.2 0.1
58.75 10.4 0.1
58.67 20.5 0.1
58.58 41.1 0.1
58.5 48.3 0.1
58.42 58.8 0.1
58.33 33.0 0.1
58.25 53.8 0.1
58.17 51.5 0.1
58.08 41.9 0.1
58 32.5 0.1
57.92 69.1 0.1
57.83 75.6 0.1
57.75 49.9 0.1
57.67 69.6 0.1
57.58 79.6 0.1
57.5 76.3 0.1
57.42 76.5 0.1
57.33 101.4 0.1
57.25 62.8 0.1
57.17 70.5 0.1
57.08 65.4 0.1
57 78.6 0.1
56.92 75.0 0.1
56.83 73.0 0.1
56.75 65.7 0.1
56.67 88.1 0.1
56.58 84.7 0.1
56.5 89.9 0.1
56.42 88.6 0.1
56.33 129.2 0.1
56.25 77.9 0.1
56.17 80.0 0.1
56.08 75.1 0.1
56 93.8 0.1
55.92 83.2 0.1
55.83 84.6 0.1
55.75 52.3 0.1
55.67 81.6 0.1
55.58 101.2 0.1
55.5 98.9 0.1
55.42 106.0 0.1
55.33 70.3 0.1
55.25 65.9 0.1
55.17 75.5 0.1
55.08 56.6 0.1
55 60.0 0.1
54.92 63.3 0.1
54.83 67.2 0.1
54.75 61.0 0.1
54.67 76.9 0.1
54.58 67.5 0.1
54.5 71.5 0.1
54.42 47.8 0.1
54.33 68.9 0.1
54.25 57.7 0.1
54.17 67.9 0.1
54.08 47.2 0.1
54 70.7 0.1
53.92 29.0 0.1
53.83 57.4 0.1
53.75 52.0 0.1
53.67 43.8 0.1
53.58 27.7 0.1
53.5 49.0 0.1
53.42 45.0 0.1
53.33 27.2 0.1
53.25 61.3 0.1
53.17 28.7 0.1
53.08 38.0 0.1
53 42.6 0.1
52.92 40.6 0.1
52.83 29.4 0.1
52.75 29.1 0.1
52.67 31.0 0.1
52.58 20.0 0.1
52.5 11.3 0.1
52.42 27.6 0.1
52.33 21.8 0.1
52.25 48.1 0.1
52.17 14.3 0.1
52.08 8.4 0.1
52 33.3 0.1
51.92 30.2 0.1
51.83 36.4 0.1
51.75 38.3 0.1
51.67 14.5 0.1
51.58 25.8 0.1
51.5 22.3 0.1
51.42 9.0 0.1
51.33 31.4 0.1
51.25 34.8 0.1
51.17 34.4 0.1
51.08 30.9 0.1
51 12.6 0.1
50.92 19.5 0.1
50.83 9.2 0.1
50.75 18.1 0.1
50.67 14.2 0.1
50.58 7.7 0.1
50.5 20.5 0.1
50.42 13.5 0.1
50.33 2.9 0.1
50.25 8.4 0.1
50.17 13.0 0.1
50.08 7.8 0.1
50 10.5 0.1
49.92 9.4 0.1
49.83 13.6 0.1
49.75 8.6 0.1
49.67 16.0 0.1
49.58 15.2 0.1
49.5 12.1 0.1
49.42 8.3 0.1
49.33 4.3 0.1
49.25 8.3 0.1
49.17 12.9 0.1
49.08 4.5 0.1
49 0.3 0.1
48.92 0.2 0.1
48.83 2.4 0.1
48.75 4.5 0.1
48.67 0.0 0.1
48.58 10.2 0.1
48.5 5.8 0.1
48.42 0.7 0.1
48.33 1.0 0.1
48.25 0.6 0.1
48.17 3.7 0.1
48.08 3.8 0.1
48 0.0 0.1
47.92 5.5 0.1
47.83 0.0 0.1
47.75 12.4 0.1
47.67 0.0 0.1
47.58 2.8 0.1
47.5 1.4 0.1
47.42 0.9 0.1
47.33 2.3 0.1
47.25 7.6 0.1
47.17 16.3 0.1
47.08 10.3 0.1
47 1.1 0.1
46.92 8.3 0.1
46.83 17.0 0.1
46.75 13.5 0.1
46.67 26.1 0.1
46.58 14.6 0.1
46.5 16.3 0.1
46.42 27.9 0.1
46.33 28.8 0.1
46.25 11.1 0.1
46.17 38.9 0.1
46.08 44.5 0.1
46 45.6 0.1
45.92 31.6 0.1
45.83 24.5 0.1
45.75 37.2 0.1
45.67 43.0 0.1
45.58 39.5 0.1
45.5 41.9 0.1
45.42 50.6 0.1
45.33 58.2 0.1
45.25 30.1 0.1
45.17 54.2 0.1
45.08 38.0 0.1
45 54.6 0.1
44.92 54.8 0.1
44.83 85.8 0.1
44.75 56.5 0.1
44.67 39.3 0.1
44.58 48.0 0.1
44.5 49.0 0.1
44.42 73.0 0.1
44.33 58.8 0.1
44.25 55.0 0.1
44.17 78.7 0.1
44.08 107.2 0.1
44 55.5 0.1
43.92 45.5 0.1
43.83 31.3 0.1
43.75 64.5 0.1
43.67 55.3 0.1
43.58 57.7 0.1
43.5 63.2 0.1
43.42 103.6 0.1
43.33 47.7 0.1
43.25 56.1 0.1
43.17 17.8 0.1
43.08 38.9 0.1
43 64.7 0.1
42.92 76.4 0.1
42.83 108.2 0.1
42.75 60.7 0.1
42.67 52.6 0.1
42.58 42.9 0.1
42.5 40.4 0.1
42.42 49.7 0.1
42.33 54.3 0.1
42.25 85.0 0.1
42.17 65.4 0.1
42.08 61.5 0.1
42 47.3 0.1
41.92 39.2 0.1
41.83 33.9 0.1
41.75 28.7 0.1
41.67 57.6 0.1
41.58 40.8 0.1
41.5 48.1 0.1
41.42 39.5 0.1
41.33 90.5 0.1
41.25 86.9 0.1
41.17 32.3 0.1
41.08 45.5 0.1
41 39.5 0.1
40.92 56.7 0.1
40.83 46.6 0.1
40.75 66.3 0.1
40.67 32.3 0.1
40.58 36.0 0.1
40.5 22.6 0.1
40.42 35.8 0.1
40.33 23.1 0.1
40.25 38.8 0.1
40.17 58.4 0.1
40.08 55.8 0.1
40 54.2 0.1
39.92 26.4 0.1
39.83 31.5 0.1
39.75 21.4 0.1
39.67 8.4 0.1
39.58 22.2 0.1
39.5 12.3 0.1
39.42 14.1 0.1
39.33 11.5 0.1
39.25 26.2 0.1
39.17 38.3 0.1
39.08 4.9 0.1
39 5.8 0.1
38.92 3.4 0.1
38.83 9.0 0.1
38.75 7.8 0.1
38.67 16.5 0.1
38.58 9.0 0.1
38.5 2.2 0.1
38.42 3.5 0.1
38.33 4.0 0.1
38.25 4.0 0.1
38.17 2.6 0.1
38.08 4.2 0.1
38 2.2 0.1
37.92 0.3 0.1
37.83 0.0 0.1
37.75 4.9 0.1
37.67 4.5 0.1
37.58 4.4 0.1
37.5 4.1 0.1
37.42 3.0 0.1
37.33 0.3 0.1
37.25 9.5 0.1
37.17 4.6 0.1
37.08 1.1 0.1
37 6.4 0.1
36.92 2.3 0.1
36.83 2.9 0.1
36.75 0.5 0.1
36.67 0.9 0.1
36.58 0.0 0.1
36.5 0.0 0.1
36.42 1.7 0.1
36.33 0.2 0.1
36.25 1.2 0.1
36.17 3.1 0.1
36.08 0.7 0.1
36 3.8 0.1
35.92 2.8 0.1
35.83 2.6 0.1
35.75 3.1 0.1
35.67 17.3 0.1
35.58 5.2 0.1
35.5 11.4 0.1
35.42 5.4 0.1
35.33 7.7 0.1
35.25 12.7 0.1
35.17 8.2 0.1
35.08 16.4 0.1
35 22.3 0.1
34.92 23.0 0.1
34.83 42.3 0.1
34.75 38.8 0.1
34.67 41.3 0.1
34.58 33.0 0.1
34.5 68.8 0.1
34.42 71.6 0.1
34.33 69.6 0.1
34.25 49.5 0.1
34.17 53.5 0.1
34.08 42.5 0.1
34 34.5 0.1
33.92 45.3 0.1
33.83 55.4 0.1
33.75 67.0 0.1
33.67 71.8 0.1
33.58 74.5 0.1
33.5 67.7 0.1
33.42 53.5 0.1
33.33 35.2 0.1
33.25 45.1 0.1
33.17 50.7 0.1
33.08 65.6 0.1
33 53.0 0.1
32.92 74.7 0.1
32.83 71.9 0.1
32.75 94.8 0.1
32.67 74.7 0.1
32.58 114.1 0.1
32.5 114.9 0.1
32.42 119.8 0.1
32.33 154.5 0.1
32.25 129.4 0.1
32.17 72.2 0.1
32.08 96.4 0.1
32 129.3 0.1
31.92 96.0 0.1
31.83 65.3 0.1
31.75 72.2 0.1
31.67 80.5 0.1
31.58 76.7 0.1
31.5 59.4 0.1
31.42 107.6 0.1
31.33 101.7 0.1
31.25 79.9 0.1
31.17 85.0 0.1
31.08 83.4 0.1
31 59.2 0.1
30.92 48.1 0.1
30.83 79.5 0.1
30.75 66.5 0.1
30.67 51.8 0.1
30.58 88.1 0.1
30.5 111.2 0.1
30.42 64.7 0.1
30.33 69.0 0.1
30.25 54.7 0.1
30.17 52.8 0.1
30.08 42.0 0.1
30 34.9 0.1
29.92 51.1 0.1
29.83 53.9 0.1
29.75 70.2 0.1
29.67 14.8 0.1
29.58 33.3 0.1
29.5 38.7 0.1
29.42 27.5 0.1
29.33 19.2 0.1
29.25 36.3 0.1
29.17 49.6 0.1
29.08 27.2 0.1
29 29.9 0.1
28.92 31.5 0.1
28.83 28.3 0.1
28.75 26.7 0.1
28.67 32.4 0.1
28.58 22.2 0.1
28.5 33.7 0.1
28.42 41.9 0.1
28.33 22.8 0.1
28.25 17.8 0.1
28.17 18.2 0.1
28.08 17.8 0.1
28 20.3 0.1
27.92 11.8 0.1
27.83 26.4 0.1
27.75 54.7 0.1
27.67 11.0 0.1
27.58 8.0 0.1
27.5 5.8 0.1
27.42 10.9 0.1
27.33 6.5 0.1
27.25 4.7 0.1
27.17 6.2 0.1
27.08 7.4 0.1
27 17.5 0.1
26.92 4.5 0.1
26.83 1.5 0.1
26.75 3.3 0.1
26.67 6.1 0.1
26.58 3.2 0.1
26.5 9.1 0.1
26.42 3.5 0.1
26.33 0.5 0.1
26.25 13.2 0.1
26.17 11.6 0.1
26.08 10.0 0.1
26 2.8 0.1
25.92 0.5 0.1
25.83 5.1 0.1
25.75 1.8 0.1
25.67 11.3 0.1
25.58 20.8 0.1
25.5 24.0 0.1
25.42 28.1 0.1
25.33 19.3 0.1
25.25 25.1 0.1
25.17 25.6 0.1
25.08 22.5 0.1
25 16.5 0.1
24.92 5.5 0.1
24.83 23.2 0.1
24.75 18.0 0.1
24.67 31.7 0.1
24.58 42.8 0.1
24.5 47.5 0.1
24.42 38.5 0.1
24.33 37.9 0.1
24.25 60.2 0.1
24.17 69.2 0.1
24.08 58.6 0.1
24 98.6 0.1
23.92 71.8 0.1
23.83 69.9 0.1
23.75 62.5 0.1
23.67 38.5 0.1
23.58 64.3 0.1
23.5 73.5 0.1
23.42 52.3 0.1
23.33 61.6 0.1
23.25 60.8 0.1
23.17 71.5 0.1
23.08 60.5 0.1
23 79.4 0.1
22.92 81.6 0.1
22.83 93.0 0.1
22.75 69.6 0.1
22.67 93.5 0.1
22.58 79.1 0.1
22.5 59.1 0.1
22.42 54.9 0.1
22.33 53.8 0.1
22.25 68.4 0.1
22.17 63.1 0.1
22.08 67.2 0.1
22 45.2 0.1
21.92 83.5 0.1
21.83 73.5 0.1
21.75 85.4 0.1
21.67 80.6 0.1
21.58 77.0 0.1
21.5 91.4 0.1
21.42 98.0 0.1
21.33 83.8 0.1
21.25 89.7 0.1
21.17 61.4 0.1
21.08 50.3 0.1
21 59.0 0.1
20.92 68.9 0.1
20.83 62.8 0.1
20.75 50.2 0.1
20.67 52.8 0.1
20.58 58.2 0.1
20.5 71.9 0.1
20.42 70.2 0.1
20.33 65.8 0.1
20.25 34.4 0.1
20.17 54.0 0.1
20.08 81.1 0.1
20 108.0 0.1
19.92 65.3 0.1
19.83 49.9 0.1
19.75 35.0 0.1
19.67 38.2 0.1
19.58 36.8 0.1
19.5 28.8 0.1
19.42 21.9 0.1
19.33 24.9 0.1
19.25 32.1 0.1
19.17 34.4 0.1
19.08 35.6 0.1
19 25.8 0.1
18.92 14.6 0.1
18.83 43.1 0.1
18.75 30.0 0.1
18.67 31.2 0.1
18.58 24.6 0.1
18.5 15.3 0.1
18.42 17.4 0.1
18.33 13.0 0.1
18.25 19.0 0.1
18.17 10.0 0.1
18.08 18.7 0.1
18 17.8 0.1
17.92 12.1 0.1
17.83 10.6 0.1
17.75 11.2 0.1
17.67 11.2 0.1
17.58 17.9 0.1
17.5 22.2 0.1
17.42 9.6 0.1
17.33 6.8 0.1
17.25 4.0 0.1
17.17 8.9 0.1
17.08 8.2 0.1
17 11.0 0.1
16.92 12.3 0.1
16.83 22.2 0.1
16.75 10.1 0.1
16.67 2.9 0.1
16.58 3.2 0.1
16.5 5.2 0.1
16.42 2.8 0.1
16.33 0.2 0.1
16.25 5.1 0.1
16.17 3.0 0.1
16.08 0.6 0.1
16 0.3 0.1
15.92 3.4 0.1
15.83 7.8 0.1
15.75 4.3 0.1
15.67 11.3 0.1
15.58 19.7 0.1
15.5 6.7 0.1
15.42 9.3 0.1
15.33 8.3 0.1
15.25 4.0 0.1
15.17 5.7 0.1
15.08 8.7 0.1
15 15.4 0.1
14.92 18.6 0.1
14.83 20.5 0.1
14.75 23.1 0.1
14.67 12.2 0.1
14.58 27.3 0.1
14.5 45.7 0.1
14.42 33.9 0.1
14.33 30.1 0.1
14.25 42.1 0.1
14.17 53.2 0.1
14.08 64.2 0.1
14 61.5 0.1
13.92 62.8 0.1
13.83 74.3 0.1
13.75 77.1 0.1
13.67 74.9 0.1
13.58 54.6 0.1
13.5 70.0 0.1
13.42 52.3 0.1
13.33 87.0 0.1
13.25 76.0 0.1
13.17 89.0 0.1
13.08 115.4 0.1
13 123.4 0.1
12.92 132.5 0.1
12.83 128.5 0.1
12.75 83.9 0.1
12.67 109.3 0.1
12.58 116.7 0.1
12.5 130.3 0.1
12.42 145.1 0.1
12.33 137.7 0.1
12.25 100.7 0.1
12.17 124.9 0.1
12.08 74.4 0.1
12 88.8 0.1
11.92 98.4 0.1
11.83 119.2 0.1
11.75 86.5 0.1
11.67 101.0 0.1
11.58 127.4 0.1
11.5 97.5 0.1
11.42 165.3 0.1
11.33 115.7 0.1
11.25 89.6 0.1
11.17 99.1 0.1
11.08 122.2 0.1
11 92.7 0.1
10.92 80.3 0.1
10.83 77.4 0.1
10.75 64.6 0.1
10.67 109.1 0.1
10.58 118.3 0.1
10.5 101.0 0.1
10.42 97.6 0.1
10.33 105.8 0.1
10.25 112.6 0.1
10.17 88.1 0.1
10.08 68.1 0.1
10 42.1 0.1
9.92 50.5 0.1
9.83 59.4 0.1
9.75 83.3 0.1
9.67 60.7 0.1
9.58 54.4 0.1
9.5 83.9 0.1
9.42 67.5 0.1
9.33 105.5 0.1
9.25 66.5 0.1
9.17 55.0 0.1
9.08 58.4 0.1
9 68.3 0.1
8.92 45.6 0.1
8.83 44.5 0.1
8.75 46.4 0.1
8.67 32.8 0.1
8.58 29.5 0.1
8.5 59.8 0.1
8.42 66.9 0.1
8.33 60.0 0.1
8.25 65.9 0.1
8.17 46.3 0.1
8.08 38.4 0.1
8 33.7 0.1
7.92 35.6 0.1
7.83 52.8 0.1
7.75 54.2 0.1
7.67 60.7 0.1
7.58 25.0 0.1
7.5 11.4 0.1
7.42 17.7 0.1
7.33 20.2 0.1
7.25 17.2 0.1
7.17 19.2 0.1
7.08 30.7 0.1
7 22.5 0.1
6.92 12.4 0.1
6.83 28.9 0.1
6.75 27.4 0.1
6.67 26.1 0.1
6.58 14.1 0.1
6.5 7.6 0.1
6.42 13.2 0.1
6.33 19.4 0.1
6.25 10.0 0.1
6.17 7.8 0.1
6.08 10.2 0.1
6 18.8 0.1
5.92 3.7 0.1
5.83 0.5 0.1
5.75 11.0 0.1
5.67 0.3 0.1
5.58 2.5 0.1
5.5 5.0 0.1
5.42 5.0 0.1
5.33 16.7 0.1
5.25 14.3 0.1
5.17 16.9 0.1
5.08 10.8 0.1
5 28.4 0.1
4.92 18.5 0.1
4.83 12.7 0.1
4.75 21.5 0.1
4.67 32.0 0.1
4.58 30.6 0.1
4.5 36.2 0.1
4.42 42.6 0.1
4.33 25.9 0.1
4.25 34.9 0.1
4.17 68.8 0.1
4.08 46.0 0.1
4 27.4 0.1
3.92 47.6 0.1
3.83 86.2 0.1
3.75 76.6 0.1
3.67 75.7 0.1
3.58 84.9 0.1
3.5 73.5 0.1
3.42 116.2 0.1
3.33 107.2 0.1
3.25 94.4 0.1
3.17 102.3 0.1
3.08 123.8 0.1
3 121.7 0.1
2.92 115.7 0.1
2.83 133.4 0.1
2.75 129.8 0.1
2.67 149.8 0.1
2.58 201.3 0.1
2.5 163.9 0.1
2.42 157.9 0.1
2.33 188.8 0.1
2.25 169.4 0.1
2.17 163.6 0.1
2.08 128.0 0.1
2 116.5 0.1
1.92 108.5 0.1
1.83 86.1 0.1
1.75 94.8 0.1
1.67 189.7 0.1
1.58 174.0 0.1
1.5 167.8 0.1
1.42 142.2 0.1
1.33 157.9 0.1
1.25 143.3 0.1
1.17 136.3 0.1
1.08 95.8 0.1
1 138.0 0.1
0.92 119.1 0.1
0.83 182.3 0.1
0.75 157.5 0.1
0.67 147.0 0.1
0.58 106.2 0.1
0.5 121.7 0.1
0.42 125.8 0.1
0.33 123.8 0.1
0.25 145.3 0.1
0.17 131.6 0.1
0.08 143.5 0.1
0 117.6 0.1
-0.08 101.6 0.1
-0.17 94.8 0.1
-0.25 109.7 0.1
-0.33 113.4 0.1
-0.42 106.2 0.1
-0.5 83.6 0.1
-0.58 91.0 0.1
-0.67 85.2 0.1
-0.75 51.3 0.1
-0.83 61.4 0.1
-0.92 54.8 0.1
-1 54.1 0.1
-1.08 59.9 0.1
-1.17 59.9 0.1
-1.25 55.9 0.1
-1.33 92.9 0.1
-1.42 108.5 0.1
-1.5 100.6 0.1
-1.58 61.5 0.1
-1.67 61.0 0.1
-1.75 83.1 0.1
-1.83 51.6 0.1
-1.92 52.4 0.1
-2 45.8 0.1
-2.08 40.7 0.1
-2.17 22.7 0.1
-2.25 22.0 0.1
-2.33 29.1 0.1
-2.42 23.4 0.1
-2.5 36.4 0.1
-2.58 39.3 0.1
-2.67 54.9 0.1
-2.75 28.2 0.1
-2.83 23.8 0.1
-2.92 22.1 0.1
-3 34.3 0.1
-3.08 26.5 0.1
-3.17 3.9 0.1
-3.25 10.0 0.1
-3.33 27.8 0.1
-3.42 12.5 0.1
-3.5 21.8 0.1
-3.58 8.6 0.1
-3.67 23.5 0.1
-3.75 19.3 0.1
-3.83 8.2 0.1
-3.92 1.6 0.1
-4 2.5 0.1
-4.08 0.2 0.1
-4.17 0.5 0.1
-4.25 10.9 0.1
-4.33 1.8 0.1
-4.42 0.8 0.1
-4.5 0.2 0.1
-4.58 4.8 0.1
-4.67 8.4 0.1
-4.75 1.5 0.1
-4.83 7.0 0.1
-4.92 9.2 0.1
-5 7.6 0.1
-5.08 23.1 0.1
-5.17 20.8 0.1
-5.25 4.9 0.1
-5.33 11.3 0.1
-5.42 28.9 0.1
-5.5 31.7 0.1
-5.58 26.7 0.1
-5.67 40.7 0.1
-5.75 42.7 0.1
-5.83 58.5 0.1
-5.92 89.2 0.1
-6 76.9 0.1
-6.08 73.6 0.1
-6.17 124.0 0.1
-6.25 118.4 0.1
-6.33 110.7 0.1
-6.42 136.6 0.1
-6.5 116.6 0.1
-6.58 129.1 0.1
-6.67 169.6 0.1
-6.75 173.2 0.1
-6.83 155.3 0.1
-6.92 201.3 0.1
-7 192.1 0.1
-7.08 165.0 0.1
-7.17 130.2 0.1
-7.25 157.4 0.1
-7.33 175.2 0.1
-7.42 164.6 0.1
-7.5 200.7 0.1
-7.58 187.2 0.1
-7.67 158.0 0.1
-7.75 235.8 0.1
-7.83 253.8 0.1
-7.92 210.9 0.1
-8 239.4 0.1
-8.08 202.5 0.1
-8.17 164.9 0.1
-8.25 190.7 0.1
-8.33 196.0 0.1
-8.42 175.3 0.1
-8.5 171.5 0.1
-8.58 191.4 0.1
-8.67 200.2 0.1
-8.75 201.2 0.1
-8.83 181.5 0.1
-8.92 152.3 0.1
-9 187.6 0.1
-9.08 217.4 0.1
-9.17 143.1 0.1
-9.25 185.7 0.1
-9.33 163.3 0.1
-9.42 172.0 0.1
-9.5 168.7 0.1
-9.58 149.6 0.1
-9.67 199.6 0.1
-9.75 145.2 0.1
-9.83 111.4 0.1
-9.92 124.0 0.1
-10 125.0 0.1
-10.08 146.3 0.1
-10.17 106.0 0.1
-10.25 102.2 0.1
-10.33 122.0 0.1
-10.42 119.6 0.1
-10.5 110.2 0.1
-10.58 121.7 0.1
-10.67 134.1 0.1
-10.75 127.2 0.1
-10.83 82.8 0.1
-10.92 89.6 0.1
-11 85.6 0.1
-11.08 57.9 0.1
-11.17 46.1 0.1
-11.25 53.0 0.1
-11.33 61.4 0.1
-11.42 51.0 0.1
-11.5 77.4 0.1
-11.58 70.2 0.1
-11.67 55.8 0.1
-11.75 63.6 0.1
-11.83 37.7 0.1
-11.92 32.6 0.1
-12 39.9 0.1
-12.08 38.7 0.1
-12.17 50.3 0.1
-12.25 45.6 0.1
-12.33 46.4 0.1
-12.42 43.7 0.1
-12.5 42.0 0.1
-12.58 21.8 0.1
-12.67 21.8 0.1
-12.75 51.3 0.1
-12.83 39.5 0.1
-12.92 26.9 0.1
-13 23.2 0.1
-13.08 19.8 0.1
-13.17 24.4 0.1
-13.25 17.1 0.1
-13.33 29.3 0.1
-13.42 43.0 0.1
-13.5 35.9 0.1
-13.58 19.6 0.1
-13.67 33.2 0.1
-13.75 38.8 0.1
-13.83 35.3 0.1
-13.92 23.4 0.1
-14 14.9 0.1
-14.08 15.3 0.1
-14.17 17.7 0.1
-14.25 16.5 0.1
-14.33 8.6 0.1
-14.42 9.5 0.1
-14.5 9.1 0.1
-14.58 3.1 0.1
-14.67 9.3 0.1
-14.75 4.7 0.1
-14.83 6.1 0.1
-14.92 7.4 0.1
-15 15.1 0.1
-15.08 17.5 0.1
-15.17 14.2 0.1
-15.25 11.7 0.1
-15.33 6.8 0.1
-15.42 24.1 0.1
-15.5 15.9 0.1
-15.58 11.9 0.1
-15.67 8.9 0.1
-15.75 16.8 0.1
-15.83 20.1 0.1
-15.92 15.8 0.1
-16 17.0 0.1
-16.08 28.2 0.1
-16.17 24.4 0.1
-16.25 25.3 0.1
-16.33 48.7 0.1
-16.42 45.3 0.1
-16.5 47.7 0.1
-16.58 56.7 0.1
-16.67 51.2 0.1
-16.75 50.2 0.1
-16.83 57.2 0.1
-16.92 57.2 0.1
-17 70.4 0.1
-17.08 110.9 0.1
-17.17 93.6 0.1
-17.25 111.8 0.1
-17.33 69.5 0.1
-17.42 86.5 0.1
-17.5 67.3 0.1
-17.58 91.5 0.1
-17.67 107.2 0.1
-17.75 76.8 0.1
-17.83 88.2 0.1
-17.92 94.3 0.1
-18 126.4 0.1
-18.08 121.8 0.1
-18.17 111.9 0.1
-18.25 92.2 0.1
-18.33 81.2 0.1
-18.42 127.2 0.1
-18.5 110.3 0.1
-18.58 96.1 0.1
-18.67 109.3 0.1
-18.75 117.2 0.1
-18.83 107.7 0.1
-18.92 86.0 0.1
-19 109.8 0.1
-19.08 104.4 0.1
-19.17 120.5 0.1
-19.25 135.8 0.1
-19.33 106.8 0.1
-19.42 120.0 0.1
-19.5 106.0 0.1
-19.58 96.8 0.1
-19.67 98.0 0.1
-19.75 91.3 0.1
-19.83 95.7 0.1
-19.92 93.5 0.1
-20 97.9 0.1
-20.08 111.5 0.1
-20.17 127.8 0.1
-20.25 102.9 0.1
-20.33 109.5 0.1
-20.42 127.5 0.1
-20.5 106.8 0.1
-20.58 112.5 0.1
-20.67 93.0 0.1
-20.75 99.5 0.1
-20.83 86.6 0.1
-20.92 95.2 0.1
-21 83.5 0.1
-21.08 91.3 0.1
-21.17 79.0 0.1
-21.25 60.7 0.1
-21.33 71.8 0.1
-21.42 57.5 0.1
-21.5 49.8 0.1
-21.58 81.0 0.1
-21.67 61.4 0.1
-21.75 50.2 0.1
-21.83 51.7 0.1
-21.92 63.2 0.1
-22 82.2 0.1
-22.08 61.5 0.1
-22.17 88.4 0.1
-22.25 80.1 0.1
-22.33 63.2 0.1
-22.42 80.5 0.1
-22.5 88.0 0.1
-22.58 76.5 0.1
-22.67 76.8 0.1
-22.75 64.0 0.1
-22.83 61.3 0.1
-22.92 41.6 0.1
-23 45.3 0.1
-23.08 43.4 0.1
-23.17 42.9 0.1
-23.25 46.0 0.1
-23.33 57.7 0.1
-23.42 42.4 0.1
-23.5 39.5 0.1
-23.58 23.1 0.1
-23.67 25.6 0.1
-23.75 59.3 0.1
-23.83 30.7 0.1
-23.92 23.9 0.1
-24 23.3 0.1
-24.08 27.6 0.1
-24.17 26.0 0.1
-24.25 21.3 0.1
-24.33 40.3 0.1
-24.42 39.5 0.1
-24.5 36.0 0.1
-24.58 55.8 0.1
-24.67 33.6 0.1
-24.75 40.2 0.1
-24.83 47.1 0.1
-24.92 25.0 0.1
-25 20.5 0.1
-25.08 18.9 0.1
-25.17 11.5 0.1
-25.25 11.5 0.1
-25.33 5.1 0.1
-25.42 9.0 0.1
-25.5 11.4 0.1
-25.58 28.2 0.1
-25.67 39.7 0.1
-25.75 13.9 0.1
-25.83 9.1 0.1
-25.92 19.4 0.1
-26 7.8 0.1
-26.08 8.1 0.1
-26.17 4.3 0.1
-26.25 21.9 0.1
-26.33 18.8 0.1
-26.42 12.4 0.1
-26.5 12.2 0.1
-26.58 1.9 0.1
-26.67 16.4 0.1
-26.75 13.5 0.1
-26.83 20.6 0.1
-26.92 5.2 0.1
-27 15.3 0.1
-27.08 16.4 0.1
-27.17 23.1 0.1
-27.25 8.7 0.1
-27.33 12.9 0.1
-27.42 18.6 0.1
-27.5 38.5 0.1
-27.58 21.4 0.1
-27.67 30.1 0.1
-27.75 44.0 0.1
-27.83 43.8 0.1
-27.92 29.1 0.1
-28 43.2 0.1
-28.08 51.9 0.1
-28.17 93.6 0.1
-28.25 76.5 0.1
-28.33 99.7 0.1
-28.42 82.7 0.1
-28.5 95.1 0.1
-28.58 70.4 0.1
-28.67 58.1 0.1
-28.75 138.2 0.1
-28.83 125.1 0.1
-28.92 97.9 0.1
-29 122.7 0.1
-29.08 166.6 0.1
-29.17 137.5 0.1
-29.25 138.0 0.1
-29.33 101.5 0.1
-29.42 134.4 0.1
-29.5 149.5 0.1
-29.58 159.4 0.1
-29.67 142.2 0.1
-29.75 188.4 0.1
-29.83 186.2 0.1
-29.92 183.3 0.1
-30 176.3 0.1
-30.08 159.6 0.1
-30.17 155.0 0.1
-30.25 126.2 0.1
-30.33 164.1 0.1
-30.42 179.9 0.1
-30.5 157.3 0.1
-30.58 136.3 0.1
-30.67 135.4 0.1
-30.75 155.0 0.1
-30.83 164.7 0.1
-30.92 147.9 0.1
-31 174.4 0.1
-31.08 114.0 0.1
-31.17 141.3 0.1
-31.25 135.5 0.1
-31.33 156.4 0.1
-31.42 127.5 0.1
-31.5 90.9 0.1
-31.58 143.8 0.1
-31.67 158.7 0.1
-31.75 167.3 0.1
-31.83 162.4 0.1
-31.92 137.5 0.1
-32 150.1 0.1
-32.08 111.2 0.1
-32.17 163.6 0.1
-32.25 153.8 0.1
-32.33 122.0 0.1
-32.42 82.2 0.1
-32.5 110.4 0.1
-32.58 106.1 0.1
-32.67 107.6 0.1
-32.75 118.8 0.1
-32.83 94.7 0.1
-32.92 98.1 0.1
-33 127.0 0.1
-33.08 84.3 0.1
-33.17 51.0 0.1
-33.25 66.5 0.1
-33.33 80.7 0.1
-33.42 99.2 0.1
-33.5 91.1 0.1
-33.58 82.2 0.1
-33.67 71.8 0.1
-33.75 50.3 0.1
-33.83 55.8 0.1
-33.92 33.3 0.1
-34 33.4 0.1
-34.08 57.0 0.1
-34.17 85.4 0.1
-34.25 83.5 0.1
-34.33 69.7 0.1
-34.42 76.4 0.1
-34.5 46.1 0.1
-34.58 37.4 0.1
-34.67 25.5 0.1
-34.75 15.7 0.1
-34.83 12.0 0.1
-34.92 22.8 0.1
-35 18.7 0.1
-35.08 16.5 0.1
-35.17 15.9 0.1
-35.25 17.2 0.1
-35.33 16.2 0.1
-35.42 27.5 0.1
-35.5 24.2 0.1
-35.58 30.7 0.1
-35.67 11.1 0.1
-35.75 3.9 0.1
-35.83 18.6 0.1
-35.92 16.2 0.1
-36 17.3 0.1
-36.08 2.5 0.1
-36.17 23.2 0.1
-36.25 15.1 0.1
-36.33 18.5 0.1
-36.42 13.7 0.1
-36.5 1.1 0.1
-36.58 18.1 0.1
-36.67 7.4 0.1
-36.75 3.8 0.1
-36.83 35.4 0.1
-36.92 15.2 0.1
-37 6.8 0.1
-37.08 10.4 0.1
-37.17 2.4 0.1
-37.25 14.7 0.1
-37.33 39.6 0.1
-37.42 33.0 0.1
-37.5 17.4 0.1
-37.58 33.0 0.1
-37.67 38.7 0.1
-37.75 33.9 0.1
-37.83 60.6 0.1
-37.92 39.9 0.1
-38 27.1 0.1
-38.08 59.0 0.1
-38.17 40.0 0.1
-38.25 76.2 0.1
-38.33 88.0 0.1
-38.42 60.1 0.1
-38.5 101.8 0.1
-38.58 113.8 0.1
-38.67 111.6 0.1
-38.75 120.1 0.1
-38.83 125.1 0.1
-38.92 125.1 0.1
-39 179.2 0.1
-39.08 161.3 0.1
-39.17 165.1 0.1
-39.25 131.4 0.1
-39.33 130.6 0.1
-39.42 138.5 0.1
-39.5 196.2 0.1
-39.58 126.9 0.1
-39.67 168.9 0.1
-39.75 176.7 0.1
-39.83 159.4 0.1
-39.92 173.0 0.1
-40 165.5 0.1
-40.08 177.3 0.1
-40.17 130.5 0.1
-40.25 140.3 0.1
-40.33 140.3 0.1
-40.42 132.2 0.1
-40.5 105.4 0.1
-40.58 149.4 0.1
-40.67 200.3 0.1
-40.75 125.2 0.1
-40.83 145.5 0.1
-40.92 131.4 0.1
-41 129.7 0.1
-41.08 136.9 0.1
-41.17 167.5 0.1
-41.25 141.9 0.1
-41.33 140.0 0.1
-41.42 121.3 0.1
-41.5 169.7 0.1
-41.58 173.7 0.1
-41.67 176.3 0.1
-41.75 125.3 0.1
-41.83 144.1 0.1
-41.92 108.2 0.1
-42 144.4 0.1
-42.08 150.0 0.1
-42.17 161.1 0.1
-42.25 106.7 0.1
-42.33 99.8 0.1
-42.42 73.8 0.1
-42.5 65.2 0.1
-42.58 85.7 0.1
-42.67 64.5 0.1
-42.75 63.9 0.1
-42.83 88.7 0.1
-42.92 91.8 0.1
-43 82.6 0.1
-43.08 59.3 0.1
-43.17 91.0 0.1
-43.25 69.8 0.1
-43.33 62.2 0.1
-43.42 61.3 0.1
-43.5 49.8 0.1
-43.58 57.9 0.1
-43.67 42.2 0.1
-43.75 22.4 0.1
-43.83 56.4 0.1
-43.92 35.6 0.1
-44 48.9 0.1
-44.08 57.8 0.1
-44.17 35.5 0.1
-44.25 31.7 0.1
-44.33 16.1 0.1
-44.42 17.8 0.1
-44.5 28.0 0.1
-44.58 35.1 0.1
-44.67 22.5 0.1
-44.75 25.7 0.1
-44.83 44.0 0.1
-44.92 18.0 0.1
-45 26.2 0.1
-45.08 24.2 0.1
-45.17 29.9 0.1
-45.25 31.1 0.1
-45.33 14.0 0.1
-45.42 14.5 0.1
-45.5 15.6 0.1
-45.58 14.5 0.1
-45.67 14.3 0.1
-45.75 11.8 0.1
-45.83 21.1 0.1
-45.92 9.0 0.1
-46 10.0 0.1
-46.08 11.5 0.1
-46.17 4.4 0.1
-46.25 9.2 0.1
-46.33 4.8 0.1
-46.42 5.5 0.1
-46.5 11.8 0.1
-46.58 8.2 0.1
-46.67 14.4 0.1
-46.75 1.6 0.1
-46.83 0.9 0.1
-46.92 17.9 0.1
-47 13.3 0.1
-47.08 5.7 0.1
-47.17 7.6 0.1
-47.25 8.7 0.1
-47.33 15.5 0.1
-47.42 18.5 0.1
-47.5 12.7 0.1
-47.58 10.4 0.1
-47.67 24.4 0.1
-47.75 51.3 0.1
-47.83 22.8 0.1
-47.92 39.0 0.1
-48 41.2 0.1
-48.08 31.9 0.1
-48.17 40.3 0.1
-48.25 54.8 0.1
-48.33 53.4 0.1
-48.42 56.3 0.1
-48.5 70.7 0.1
-48.58 66.6 0.1
-48.67 92.2 0.1
-48.75 92.9 0.1
-48.83 55.5 0.1
-48.92 74.0 0.1
-49 81.9 0.1
-49.08 62.0 0.1
-49.17 66.3 0.1
-49.25 68.8 0.1
-49.33 63.7 0.1
-49.42 106.4 0.1
-49.5 137.7 0.1
-49.58 113.5 0.1
-49.67 93.7 0.1
-49.75 71.5 0.1
-49.83 116.7 0.1
-49.92 133.2 0.1
-50 84.6 0.1
-50.08 90.1 0.1
-50.17 112.9 0.1
-50.25 138.5 0.1
-50.33 125.5 0.1
-50.42 121.6 0.1
-50.5 124.9 0.1
-50.58 170.1 0.1
-50.67 130.5 0.1
-50.75 109.7 0.1
-50.83 99.4 0.1
-50.92 106.8 0.1
-51 104.4 0.1
-51.08 95.6 0.1
-51.17 80.6 0.1
-51.25 113.5 0.1
-51.33 107.7 0.1
-51.42 96.6 0.1
-51.5 134.0 0.1
-51.58 81.8 0.1
-51.67 106.4 0.1
-51.75 150.7 0.1
-51.83 125.5 0.1
-51.92 106.5 0.1
-52 132.2 0.1
-52.08 114.1 0.1
-52.17 107.4 0.1
-52.25 98.4 0.1
-52.33 120.7 0.1
-52.42 120.8 0.1
-52.5 88.3 0.1
-52.58 99.6 0.1
-52.67 116.4 0.1
-52.75 109.6 0.1
-52.83 97.5 0.1
-52.92 95.5 0.1
-53 80.6 0.1
-53.08 79.7 0.1
-53.17 46.0 0.1
-53.25 61.1 0.1
-53.33 60.0 0.1
-53.42 54.6 0.1
-53.5 77.4 0.1
-53.58 83.3 0.1
-53.67 72.7 0.1
-53.75 48.7 0.1
-53.83 65.5 0.1
-53.92 67.3 0.1
-54 46.5 0.1
-54.08 37.3 0.1
-54.17 45.8 0.1
-54.25 49.1 0.1
-54.33 39.3 0.1
-54.42 41.5 0.1
-54.5 43.2 0.1
-54.58 51.1 0.1
-54.67 40.9 0.1
-54.75 27.7 0.1
-54.83 48.4 0.1
-54.92 43.7 0.1
-55 17.9 0.1
